episode_reward_history
14.0
22.0
23.0
21.0
46.0
18.0
16.0
52.0
17.0
17.0
22.0
17.0
39.0
14.0
17.0
20.0
63.0
10.0
14.0
58.0
11.0
16.0
37.0
23.0
24.0
28.0
63.0
16.0
24.0
27.0
37.0
20.0
20.0
33.0
33.0
59.0
38.0
36.0
16.0
37.0
23.0
19.0
36.0
43.0
29.0
21.0
126.0
20.0
13.0
59.0
12.0
90.0
26.0
14.0
58.0
25.0
18.0
38.0
57.0
21.0
31.0
88.0
89.0
136.0
51.0
175.0
59.0
38.0
97.0
13.0
190.0
202.0
85.0
73.0
38.0
68.0
75.0
18.0
79.0
94.0
137.0
53.0
146.0
100.0
24.0
156.0
93.0
169.0
109.0
127.0
100.0
116.0
141.0
75.0
107.0
179.0
27.0
54.0
95.0
147.0
149.0
227.0
161.0
48.0
91.0
99.0
79.0
65.0
127.0
194.0
186.0
153.0
136.0
178.0
169.0
182.0
118.0
123.0
118.0
220.0
212.0
123.0
90.0
196.0
43.0
164.0
229.0
182.0
189.0
127.0
261.0
20.0
204.0
196.0
227.0
175.0
197.0
480.0
176.0
182.0
395.0
360.0
242.0
253.0
376.0
174.0
208.0
229.0
157.0
222.0
500.0
370.0
241.0
262.0
287.0
241.0
168.0
297.0
208.0
286.0
224.0
338.0
358.0
144.0
183.0
331.0
205.0
244.0
200.0
202.0
91.0
174.0
333.0
378.0
180.0
292.0
500.0
195.0
495.0
500.0
350.0
259.0
500.0
500.0
339.0
267.0
500.0
500.0
202.0
500.0
500.0
500.0
335.0
491.0
500.0
500.0
500.0
133.0
500.0
500.0
415.0
500.0
393.0
500.0
500.0
500.0
387.0
429.0
425.0
286.0
346.0
367.0
500.0
500.0
500.0
500.0
500.0
277.0
500.0
500.0
500.0
500.0
348.0
500.0
500.0
483.0
214.0
358.0
500.0
182.0
302.0
265.0
245.0
500.0
500.0
283.0
313.0
500.0
500.0
500.0
333.0
238.0
289.0
296.0
250.0
293.0
273.0
257.0
338.0
326.0
256.0
238.0
283.0
245.0
203.0
227.0
305.0
236.0
500.0
288.0
500.0
260.0
298.0
250.0
247.0
246.0
260.0
262.0
374.0
206.0
500.0
297.0
384.0
292.0
302.0
477.0
404.0
279.0
301.0
379.0
262.0
321.0
428.0
288.0
244.0
268.0
256.0
273.0
291.0
363.0
307.0
254.0
241.0
500.0
322.0
254.0
349.0
259.0
382.0
321.0
244.0
334.0
385.0
266.0
416.0
268.0
234.0
286.0
262.0
265.0
500.0
306.0
277.0
391.0
347.0
300.0
279.0
382.0
236.0
342.0
277.0
251.0
500.0
280.0
268.0
296.0
336.0
15.0
321.0
259.0
366.0
293.0
326.0
423.0
297.0
474.0
355.0
277.0
416.0
325.0
308.0
500.0
379.0
382.0
500.0
327.0
431.0
389.0
451.0
500.0
500.0
500.0
500.0
500.0
500.0
500.0
29.0
500.0
500.0
500.0
500.0
500.0
500.0
500.0
500.0
500.0
500.0
500.0
500.0
500.0
