episode_reward_history
-500.0
-500.0
-500.0
-500.0
-500.0
-488.0
-500.0
-500.0
-500.0
-500.0
-500.0
-500.0
-500.0
-500.0
-500.0
-500.0
-500.0
-500.0
-500.0
-500.0
-500.0
-500.0
-500.0
-500.0
-500.0
-500.0
-500.0
-500.0
-500.0
-500.0
-500.0
-500.0
-500.0
-500.0
-500.0
-500.0
-500.0
-500.0
-500.0
-500.0
-500.0
-500.0
-500.0
-500.0
-500.0
-500.0
-500.0
-500.0
-500.0
-500.0
-500.0
-500.0
-500.0
-500.0
-500.0
-500.0
-500.0
-500.0
-500.0
-500.0
-500.0
-376.0
-500.0
-500.0
-500.0
-500.0
-500.0
-500.0
-500.0
-500.0
-500.0
-500.0
-500.0
-500.0
-500.0
-500.0
-500.0
-500.0
-500.0
-500.0
-500.0
-491.0
-478.0
-500.0
-500.0
-500.0
-500.0
-292.0
-500.0
-500.0
-422.0
-500.0
-500.0
-462.0
-454.0
-500.0
-500.0
-500.0
-500.0
-500.0
-500.0
-500.0
-388.0
-342.0
-500.0
-500.0
-500.0
-500.0
-450.0
-439.0
-342.0
-386.0
-500.0
-470.0
-500.0
-432.0
-500.0
-403.0
-449.0
-324.0
-264.0
-385.0
-427.0
-404.0
-288.0
-270.0
-500.0
-318.0
-500.0
-500.0
-412.0
-414.0
-500.0
-382.0
-418.0
-463.0
-308.0
-346.0
-183.0
-160.0
-211.0
-210.0
-283.0
-278.0
-213.0
-329.0
-422.0
-469.0
-297.0
-358.0
-146.0
-304.0
-474.0
-317.0
-342.0
-151.0
-232.0
-182.0
-499.0
-250.0
-184.0
-285.0
-179.0
-227.0
-205.0
-334.0
-207.0
-241.0
-199.0
-256.0
-199.0
-197.0
-248.0
-222.0
-154.0
-201.0
-226.0
-182.0
-295.0
-263.0
-210.0
-280.0
-209.0
-235.0
-169.0
-204.0
-143.0
-212.0
-250.0
-239.0
-136.0
-137.0
-167.0
-144.0
-234.0
-112.0
-171.0
-160.0
-163.0
-234.0
-204.0
-153.0
-198.0
-176.0
-345.0
-166.0
-141.0
-154.0
-134.0
-137.0
-107.0
-198.0
-178.0
-145.0
-157.0
-167.0
-168.0
-181.0
-136.0
-136.0
-118.0
-142.0
-195.0
-165.0
-145.0
-206.0
-216.0
-164.0
-235.0
-143.0
-120.0
-151.0
-154.0
-111.0
-137.0
-116.0
-163.0
-146.0
-176.0
-102.0
