episode_reward_history
-176.92701459199841
-176.57621656556728
-177.00994242703194
-174.68766145273156
-176.48496245450977
-175.23262210101683
-175.99101969342576
-175.74240094484048
-173.9630874222118
-170.0621856448968
-175.84219192940185
-176.18866357558
-174.7926533421562
-173.7327326191808
-175.2683547755293
-176.41816732955078
-167.46366991121562
-176.4132080903844
-175.4250957898389
-176.33319407492218
-175.7085584822482
-164.2816011580885
-175.9760006585309
-174.3198440821728
-169.39121068291553
-176.05371790469871
-174.55418207567436
-166.78424939649156
-175.03989761083352
-175.28916206599794
-174.54975611559848
-165.636765360666
-172.43217759759779
-172.97486231620616
-166.35383459423065
-171.54297376404804
-174.5844915919145
-166.96262586553559
-175.89126049359396
-158.86570725403735
-174.1320115695159
-173.96214790802122
-169.87906667482332
-173.65023562575462
-172.98380314288013
-166.5903760050893
-172.8121940777698
-172.84559805477494
-172.30941250080258
-172.87914443069903
-173.34508375371266
-170.8498942240298
-165.10902454875492
-170.03983423841873
-174.30138141807345
-168.67381412039757
-167.39270865232677
-172.61984789031112
-173.95110058738723
-170.6877524926128
-147.37114104267027
-164.54775263582897
-172.13496073365073
-172.07094007257842
-171.93641407957375
-164.60976401652874
-148.64279071332493
-165.48311365889325
-162.44206257179144
-164.42710278101669
-171.08168582350334
-173.93674584831132
-167.378816632486
-136.20838006970732
-167.2774569269314
-172.04358386186303
-168.8334083637726
-162.49091686574596
-171.20497664265622
-160.27241522317053
-160.61651610441578
-172.89208535280846
-148.41385418567035
-141.31588479248984
-172.09993904653322
-170.0273903329236
-173.362645426288
-171.30683306686183
-144.50278422966946
-173.6520998370622
-172.57320509042978
-172.11586846794722
-141.07450596545644
-171.50032329699326
-173.514408981788
-171.62920872242165
-142.4184713753944
-162.2033355485191
-140.52209293869367
-146.4339417887952
-170.5543908597682
-139.0421043835378
-158.72037317412878
-90.20346673610116
-157.02128836755253
-172.72175725978866
-162.19634842392952
-154.11305524269227
-143.13182274678798
-171.75685990121875
-83.50461007257766
-168.3002339361267
-153.28824923740345
-173.87309076306508
-160.805529427436
-171.85706121586549
-130.21392862470222
-173.18821623867927
-170.64335217552753
-167.86397540657515
-160.28393045828585
-82.75207885667109
-86.09060366064652
-86.73393097627888
-157.91259741882175
-171.93100079613154
-165.92825923257706
-129.55339366562703
-159.49819052700371
-140.61127883746934
-153.05141601083602
-130.45018182930465
-151.5130378161203
-145.54623554310868
-140.3141828849719
-150.8731031422618
-150.0574614424733
-147.7113353047439
-131.4698187881909
-156.60188596981982
-150.3499519748784
-91.32944257200009
-171.54983859770388
-161.24828244369596
-93.910572331157
-122.30287544265283
-150.53132180321813
-173.07344150423265
-139.26166187836492
-82.95457670756646
-91.74220759962014
-141.82374085961914
-131.3436698401654
-115.9660749277121
-144.22628807149252
-128.2609748480289
-147.07039528914746
-146.6810087052874
-88.91396936561141
-91.01569967977363
-80.47476901449356
-82.98690533301217
-95.14393168095171
-146.12502964014473
-129.81453989825533
-121.58381417825079
-132.91063445248693
-84.52984280587859
-129.03632132241347
-103.03786424745684
-84.34054482793863
-135.85236000510733
-135.3630578759373
-135.05671221130882
-79.93622081587606
-117.24615585972936
-91.86063906509634
-147.29269568209935
-122.05138259893116
-87.23174060283071
-116.07770181042915
-93.20384435109972
-94.69413322784894
-98.27826495532491
-108.68305523953137
-136.6435379254438
-91.72140577407976
-93.08934669956062
-105.91737331533409
-97.3566909591041
-89.87374753086726
-104.43842110109838
-102.09165243919638
-106.15044210108462
-96.76731522094373
-82.14451603081947
-97.6753089873614
-86.34900033384932
-94.76090558455479
-91.14779405910882
